95,52
95,51
95,50
95,49
95,48
95,47
95,46
95,45
95,44
95,43
95,42
95,41
95,40
95,39
95,38
95,37
95,36
95,35
0,273
0,270
10,300
10,222
10,96
10,114
10,196
10,278
10,12
10,30
10,2
10,3
11,21
11,9
11,5
11,6
11,26
11,25
11,2
11,3
9,2
9,3
8,11
8,2
8,3
12,2
12,1
12,3
20,2
20,1
20,3
19,2
19,1
19,3
94,3
94,2
94,1
94,0
74,4
74,3
74,2
74,1
74,0
71,4
71,3
71,1
69,4
69,1
68,4
68,3
68,1
67,4
67,3
67,1
66,4
66,3
66,1
65,4
65,3
18,1
65,1
64,4
18,3
64,3
14,1
64,1
14,3
61,3
13,1
61,1
13,3
60,3
60,1
57,3
57,1
54,3
54,1
2,2
53,3
2,1
53,1
2,3
46,3
46,1
11,14
11,12
11,1
11,7
10,280
10,276
10,266
10,210
10,190
10,166
